1.694555908203125000e+03
1.694367675781250000e+03
1.694263305664062500e+03
1.694123168945312500e+03
1.693939697265625000e+03
1.693760498046875000e+03
1.693614379882812500e+03
1.693360473632812500e+03
1.693192626953125000e+03
1.693034179687500000e+03
1.692769409179687500e+03
1.692434448242187500e+03
1.692050170898437500e+03
1.691826049804687500e+03
1.691568115234375000e+03
1.691390502929687500e+03
1.691081909179687500e+03
1.690919189453125000e+03
1.690807250976562500e+03
1.690641723632812500e+03
1.690561035156250000e+03
1.690475463867187500e+03
1.690337402343750000e+03
1.690243896484375000e+03
1.690134765625000000e+03
1.690065917968750000e+03
1.689987182617187500e+03
1.689842407226562500e+03
1.689790527343750000e+03
1.689651123046875000e+03
1.689534912109375000e+03
1.689419189453125000e+03
1.689297241210937500e+03
1.689193725585937500e+03
1.689063964843750000e+03
1.688954711914062500e+03
1.688852783203125000e+03
1.688741577148437500e+03
1.688650634765625000e+03
1.688552734375000000e+03
1.688467163085937500e+03
1.688387329101562500e+03
1.688293823242187500e+03
1.688216552734375000e+03
1.688110351562500000e+03
1.687989501953125000e+03
1.687919189453125000e+03
1.687846679687500000e+03
1.687760253906250000e+03
1.687704589843750000e+03
1.687605712890625000e+03
1.687544311523437500e+03
1.687444335937500000e+03
1.687347412109375000e+03
1.687247436523437500e+03
1.687158935546875000e+03
1.687071044921875000e+03
1.686979858398437500e+03
1.686923950195312500e+03
1.686788085937500000e+03
1.686715209960937500e+03
1.686620849609375000e+03
1.686564941406250000e+03
1.686517333984375000e+03
1.686415893554687500e+03
1.686322387695312500e+03
1.686234985351562500e+03
1.686161621093750000e+03
1.686097167968750000e+03
1.686031250000000000e+03
1.685957031250000000e+03
1.685856567382812500e+03
1.685816406250000000e+03
1.685753173828125000e+03
1.685668212890625000e+03
1.685587036132812500e+03
1.685536621093750000e+03
1.685447387695312500e+03
1.685391357421875000e+03
1.685313110351562500e+03
1.685252441406250000e+03
1.685218017578125000e+03
1.685119873046875000e+03
1.685042480468750000e+03
1.684984619140625000e+03
1.684920654296875000e+03
1.684881347656250000e+03
1.684808959960937500e+03
1.684772949218750000e+03
1.684668579101562500e+03
1.684606933593750000e+03
1.684513549804687500e+03
1.684407592773437500e+03
1.684290771484375000e+03
1.684256347656250000e+03
1.684181396484375000e+03
1.684079223632812500e+03
1.684022216796875000e+03
1.683976074218750000e+03
1.683915649414062500e+03
1.683851318359375000e+03
1.683811767578125000e+03
1.683773193359375000e+03
1.683701171875000000e+03
1.683625000000000000e+03
1.683561035156250000e+03
1.683508789062500000e+03
1.683438598632812500e+03
1.683353881835937500e+03
1.683293212890625000e+03
1.683213256835937500e+03
1.683115600585937500e+03
1.683039916992187500e+03
1.682971679687500000e+03
1.682884155273437500e+03
1.682808227539062500e+03
1.682674560546875000e+03
1.682656494140625000e+03
1.682549926757812500e+03
1.682452758789062500e+03
1.682321899414062500e+03
1.682245849609375000e+03
1.682196777343750000e+03
1.682145385742187500e+03
1.682059204101562500e+03
1.681964965820312500e+03
1.681829833984375000e+03
1.681750976562500000e+03
1.681662963867187500e+03
1.681529052734375000e+03
1.681399902343750000e+03
1.681199462890625000e+03
1.681150756835937500e+03
1.680959838867187500e+03
1.680242919921875000e+03
1.678951416015625000e+03
1.678447875976562500e+03
1.678204711914062500e+03
1.678033569335937500e+03
1.677953369140625000e+03
1.677766967773437500e+03
1.677625976562500000e+03
1.677604125976562500e+03
1.677604125976562500e+03
1.677604125976562500e+03
1.677462768554687500e+03
1.677240844726562500e+03
1.677100097656250000e+03
1.677045288085937500e+03
1.677027343750000000e+03
1.676993041992187500e+03
1.676956542968750000e+03
1.676916870117187500e+03
1.676839599609375000e+03
1.676818481445312500e+03
1.676758178710937500e+03
1.676714355468750000e+03
1.676697875976562500e+03
1.676656494140625000e+03
1.676629394531250000e+03
1.676535522460937500e+03
1.676505615234375000e+03
1.676505615234375000e+03
1.676454589843750000e+03
1.676399902343750000e+03
1.676356567382812500e+03
1.676309204101562500e+03
1.676277709960937500e+03
1.676276611328125000e+03
1.676226806640625000e+03
1.676201293945312500e+03
1.676201293945312500e+03
1.676150512695312500e+03
1.676119995117187500e+03
1.676074707031250000e+03
1.676058105468750000e+03
1.676002197265625000e+03
1.675963989257812500e+03
1.675946777343750000e+03
1.675919189453125000e+03
1.675877319335937500e+03
1.675844116210937500e+03
1.675779418945312500e+03
1.675713745117187500e+03
1.675663696289062500e+03
1.675636596679687500e+03
1.675538940429687500e+03
1.675490722656250000e+03
1.675419189453125000e+03
1.675368896484375000e+03
1.675312622070312500e+03
1.675259521484375000e+03
1.675228393554687500e+03
1.675188232421875000e+03
1.675090454101562500e+03
1.675041625976562500e+03
1.674972778320312500e+03
1.674868774414062500e+03
1.674730590820312500e+03
1.674631713867187500e+03
1.674456176757812500e+03
1.674392333984375000e+03
1.674382080078125000e+03
1.674372070312500000e+03
1.674279296875000000e+03
1.674184326171875000e+03
1.674122314453125000e+03
1.674098022460937500e+03
1.674072387695312500e+03
1.674033447265625000e+03
1.673972778320312500e+03
1.673961303710937500e+03
1.673902221679687500e+03
1.673902221679687500e+03
1.673868164062500000e+03
1.673826904296875000e+03
1.673804809570312500e+03
1.673782714843750000e+03
1.673743530273437500e+03
1.673703247070312500e+03
1.673699218750000000e+03
1.673698486328125000e+03
1.673664550781250000e+03
1.673637084960937500e+03
1.673618530273437500e+03
1.673554687500000000e+03
1.673536010742187500e+03
1.673535522460937500e+03
1.673475708007812500e+03
1.673416748046875000e+03
1.673367187500000000e+03
1.673344970703125000e+03
1.673338867187500000e+03
1.673327392578125000e+03
1.673244262695312500e+03
1.673202026367187500e+03
1.673153442382812500e+03
1.673089843750000000e+03
1.673020263671875000e+03
1.672925537109375000e+03
1.672876098632812500e+03
1.672852905273437500e+03
1.672852905273437500e+03
1.672849853515625000e+03
1.672756469726562500e+03
1.672699951171875000e+03
1.672493286132812500e+03
1.672345581054687500e+03
1.672245605468750000e+03
1.672099365234375000e+03
1.672099365234375000e+03
1.672099365234375000e+03
1.672075927734375000e+03
1.672075927734375000e+03
1.672069580078125000e+03
1.671999755859375000e+03
1.671989501953125000e+03
1.671967773437500000e+03
1.671948730468750000e+03
1.671923339843750000e+03
1.671876953125000000e+03
1.671874877929687500e+03
1.671838500976562500e+03
1.671828735351562500e+03
1.671828735351562500e+03
1.671796508789062500e+03
1.671796508789062500e+03
1.671731811523437500e+03
1.671731811523437500e+03
1.671726562500000000e+03
1.671694335937500000e+03
1.671634277343750000e+03
1.671562988281250000e+03
1.671526977539062500e+03
1.671511962890625000e+03
1.671487670898437500e+03
1.671462402343750000e+03
1.671441406250000000e+03
1.671408203125000000e+03
1.671363403320312500e+03
1.671289062500000000e+03
1.671263671875000000e+03
1.671198242187500000e+03
1.671163330078125000e+03
1.671141723632812500e+03
1.671091430664062500e+03
1.671031616210937500e+03
1.670987915039062500e+03
1.670962280273437500e+03
1.670943847656250000e+03
1.670885986328125000e+03
1.670806030273437500e+03
1.670784057617187500e+03
1.670782104492187500e+03
1.670759765625000000e+03
1.670688476562500000e+03
1.670644897460937500e+03
1.670595458984375000e+03
1.670546997070312500e+03
1.670534423828125000e+03
1.670505126953125000e+03
1.670491455078125000e+03
1.670473266601562500e+03
1.670411132812500000e+03
1.670411132812500000e+03
1.670411132812500000e+03
1.670356567382812500e+03
1.670316284179687500e+03
1.670306640625000000e+03
1.670291137695312500e+03
1.670255737304687500e+03
1.670234741210937500e+03
1.670177368164062500e+03
1.670153686523437500e+03
1.670131713867187500e+03
1.670074584960937500e+03
1.670074584960937500e+03
1.670017211914062500e+03
1.669968994140625000e+03
1.669952514648437500e+03
1.669938476562500000e+03
1.669903930664062500e+03
1.669857910156250000e+03
1.669776123046875000e+03
1.669741577148437500e+03
1.669709228515625000e+03
1.669690551757812500e+03
1.669630371093750000e+03
1.669594116210937500e+03
1.669577270507812500e+03
1.669577270507812500e+03
1.669510131835937500e+03
1.669464843750000000e+03
1.669435424804687500e+03
1.669426269531250000e+03
1.669401245117187500e+03
1.669371215820312500e+03
1.669300170898437500e+03
1.669232055664062500e+03
1.669202026367187500e+03
1.669178710937500000e+03
1.669169799804687500e+03
1.669143310546875000e+03
1.669137451171875000e+03
1.669088989257812500e+03
1.669032104492187500e+03
1.669008178710937500e+03
1.668970703125000000e+03
1.668916992187500000e+03
1.668857543945312500e+03
1.668814086914062500e+03
1.668759033203125000e+03
1.668723754882812500e+03
1.668685668945312500e+03
1.668603149414062500e+03
1.668561401367187500e+03
1.668508422851562500e+03
1.668466430664062500e+03
1.668404052734375000e+03
1.668366943359375000e+03
1.668349609375000000e+03
1.668304199218750000e+03
1.668278808593750000e+03
1.668198852539062500e+03
1.668191284179687500e+03
1.668155395507812500e+03
1.668112060546875000e+03
1.668104614257812500e+03
1.668104614257812500e+03
1.668031616210937500e+03
1.667995971679687500e+03
1.667987548828125000e+03
1.667945922851562500e+03
1.667881347656250000e+03
1.667859619140625000e+03
1.667814819335937500e+03
1.667780639648437500e+03
1.667734497070312500e+03
1.667666259765625000e+03
1.667639892578125000e+03
1.667614013671875000e+03
1.667554687500000000e+03
1.667516723632812500e+03
1.667496826171875000e+03
1.667462768554687500e+03
1.667415893554687500e+03
1.667350708007812500e+03
1.667318847656250000e+03
1.667264282226562500e+03
1.667222656250000000e+03
1.667156127929687500e+03
1.667129394531250000e+03
1.667029663085937500e+03
1.666982666015625000e+03
1.666950683593750000e+03
1.666911499023437500e+03
1.666818115234375000e+03
1.666766845703125000e+03
1.666716796875000000e+03

